72586
38111
77789
94846
22322
89378
47793
78758
15667
61272
44822
90507
89261
27908
36355
84994
97050
63575
70425
57934
26196
84898
84665
76181
26419
83431
28582
23134
41823
61244
14858
47370
72697
35315
82376
38072
2261
21355
41512
382
19692
96587
46599
25613
97294
41831
93662
28902
74225
36148
15172
11834
33372
5991
77698
23921
63054
75461
98344
15062
64665
8770
40341
41004
37412
21931
47984
78881
31822
14409
96056
77712
58788
25391
34705
73306
29675
65416
62799
96822
33248
64783
55420
25209
61226
88045
95395
49563
51596
15006
29287
77052
64182
30813
10491
27522
42313
8652
65007
35502
21834
54869
59562
37111
90167
45094
28996
68656
4121
86334
22130
24459
49121
51105
51008
29289
45483
91315
19183
89448
38162
45518
78089
20474
35267
27838
97620
63954
60477
41177
58664
81403
30205
37989
5136
26826
21311
74511
98213
58307
86308
5414
59633
36438
28656
60712
13904
57214
85018
26837
14398
32735
62714
18952
16237
17778
81413
82358
17469
81305
68751
78489
81352
90315
34654
94266
52206
51504
96686
35341
79265
61028
28772
25287
3910
4019
17889
43821
2536
82770
21851
64228
50075
19332
42429
27190
63333
17470
78697
29762
99842
78662
22804
47435
68365
92638
93437
65963
13333
36146
75799
71387
97225
83149
90831
26062
43335
15397
2381
70271
84510
69584
20492
62741
67747
37239
58993
79146
30097
1790
25327
70690
79900
12371
86681
70092
5435
92776
99231
22327
8177
36108
59624
43940
71159
25761
86269
32057
68066
86190
86504
32526
94130
19461
65333
71592
35294
14386
15502
50687
71971
61339
58081
98205
28376
16756
17479
88573
6589
33569
75839
32691
5593
28021
31945
1518
16196
62885
96127
76197
89260
88053
72038
97463
3812
30744
56835
78259
63768
39306
9663
65050
17981
1976
6065
29498
17309
8048
28802
46649
47618
45838
29995
24669
63490
15386
13293
65062
37804
79524
70484
34284
63504
6654
13805
89067
93622
90717
89217
89387
93570
60957
17971
62482
37699
50362
65697
97116
93010
94902
42330
65270
89102
34196
97394
7258

